bestPath = [20 28 29 30 26 23 19 16 17 14 13 8 7 3 6 12 18 21 24 31 34 33 39 42 45 41 44 47 46 48 40 36 32 22 25 11 10 2 4 5 1 9 15 27 35 38 37 43 50 49];